#opt 16
x_opt = [-134.92021516964914, 475.55640005887045, 47.341265591348645, -291.87618347006656, -467.2781430286087, 349.0231420338762, 1203.3903276016408, 1080.9073355869466, 247.26455478961583, -725.2478601140702, -1100.162845125174, -1294.5429885693968, -949.8004833332534, -609.7234640375709, 181.263092795678, 1148.844649045738]
y_opt = [-801.113357244488, 275.0418014163371, 914.8073394319176, 440.4982633422105, -288.84091129919307, -451.7884456528136, 94.70985786260522, 722.1799528444428, 1276.1492031053472, 1078.8503732558997, 588.5083327203014, -117.19792126546781, -633.071166755402, -1130.428394544164, -1287.2676446864946, -608.0829014957618]


#opt 36
""" x_opt = [-27.067259971937148, 859.9474892894142, 159.75467304589642, -764.3261925007537, -630.2551072688764, 338.0167388830049, 1385.446321490046, 1022.7870107979952, 671.2374491011798, -179.86081069819423, -685.0770394572637, -1232.6743863724075, -1398.6025271805358, -974.5813363405996, -843.9649134535559, 131.0752180452796, 226.46857507937392, 1230.960459631853, 1999.5386345844709, 1906.6824056217906, 1541.2586483326731, 1170.6475873952145, 331.3339286754586, -511.19217557434087, -1046.9373856960315, -1583.5271477143244, -1834.4147530618209, -1989.5035161179699, -1931.2444380577317, -1563.6453899004166, -1111.222989553677, -407.29369501511314, 486.35441964532856, 1060.056332658777, 1585.2161717422005, 1754.1290155705983]
y_opt = [47.03479638372782, -147.96706358119582, 898.5826258845099, 352.0311484994638, -331.74933628005664, -508.69694106427136, 197.94200170223692, 730.120817802791, 1261.0107977656942, 1423.1371297558192, 1053.0541627231373, 685.7874145210852, -134.62972841727978, -683.5478245764709, -1204.855130884686, -1407.1659516076497, -931.2431727696841, -698.9220887857573, 42.956170200073366, 545.0677675831894, 1085.2623971270032, 1621.5992763065585, 1785.4180281802073, 1933.5673138137022, 1584.6023525757832, 1221.6552924348794, 534.9722283126675, 204.63551104220318, -503.918716192347, -1063.494074446592, -1662.884072454275, -1794.6508063491021, -1939.9637553948983, -1568.2178126817287, -1219.4626036178643, -330.220704217598]
 """

#opt 64
""" x_opt = [661.0802488476509, 1028.5071476706316, 508.96385923664684, -811.2093133111011, -568.8308215348413, 135.25320530398835, 1485.0472312776456, 1730.1250520990923, 646.5554140208285, -199.42376448479095, -951.9509284418007, -1507.1615974960082, -1633.9909479438822, -1019.2818235431666, -697.4332126339438, -9.574190686191963, 871.7251315158168, 1595.0527644567876, 2456.803622909096, 1872.184838009039, 1996.8734031880808, 1210.9016644860078, 275.7769809516732, -549.3369238438046, -1043.5460752583974, -1634.7387307270328, -2099.842348708364, -2273.785647659477, -2398.041377663485, -1559.36963751651, -1162.3466840457904, -320.7091804891101, 509.84634451260695, 1326.450406770889, 1701.2674238845875, 2127.5522847938364, 2987.7405455505045, 2855.3512539844323, 2718.252786650593, 2285.6660195388986, 1857.8551884527724, 1392.4968740426127, 787.4717401929862, 137.43093561094906, -883.513574615608, -1161.334709046542, -1836.7986360836767, -2535.152451105885, -2655.315492118568, -2767.015069397514, -2867.3249981604527, -2976.727159156992, -2557.9521380151386, -2196.4428749717517, -1832.5764298269705, -1332.5418611408882, -482.1124677414058, -187.26001448925123, 643.5174096131757, 1121.401691010576, 1814.909194566765, 2336.8564045169005, 2731.7185913993453, 2926.420801140257]
y_opt = [45.596410184418396, -102.84602376647021, 807.3970577337197, 371.58736397695736, -614.669773766668, -770.1489622929139, 232.24072673593452, 625.1181844633061, 1458.0268983660428, 1285.1783613061, 1125.1660557112616, 793.4735755352228, 223.32673728296464, -915.2891031021514, -1417.8546962289251, -1544.680665315384, -967.8222111218745, -472.52660284680076, 88.53209187034501, 1071.154478230013, 1684.9560690782678, 2204.5089768888347, 2025.8720291878376, 2520.185778550141, 1851.0238946485588, 1476.242136149511, 953.884503172178, -204.64533466558544, -760.1295456700283, -1262.8861935451305, -1858.0034535025784, -2030.4682372594812, -2183.7635495548434, -1687.768977244719, -1425.9208202323532, -828.0335781258101, -270.487321948783, 408.4430996270802, 1241.3588655768012, 1941.1338020272867, 2355.491613240731, 2657.2281471571628, 2835.123001089535, 2983.760720328497, 2648.145616002615, 2766.083599057293, 2364.8884384732605, 1604.047221383611, 1331.4834111951925, 535.9495707647394, -63.18170584095447, -372.9241616847378, -1096.6510703643166, -1689.189485811573, -2347.7758236565655, -2687.8025040381153, -2880.949347604215, -2994.090617101495, -2790.3310807019598, -2548.4676073629403, -2388.700552838015, -1868.8530123801156, -1239.9438061023466, -659.9615826554246]
 """

#baseline 16
""" x_opt = [0., 650., 200.861, -525.861, -525.861, 200.861, 1300., 1051.7221, 401.7221, -401.7221, -1051.7221,
           -1300., -1051.7221, -401.7221, 401.7221, 1051.7221]
y_opt = [0., 0., 618.1867, 382.0604, -382.0604, -618.1867, 0., 764.1208, 1236.3735, 1236.3735, 764.1208, 0.,
           -764.1208, -1236.3735, -1236.3735, -764.1208] """


#baseline 36
""" x_opt = [0., 666.6667, 206.0113, -539.3447, -539.3447, 206.0113, 1333.3333, 1154.7005, 666.6667, 0.,
           -666.6667, -1154.7005, -1333.3333, -1154.7005, -666.6667, 0., 666.6667, 1154.7005, 2000., 1879.3852,
           1532.0889, 1000., 347.2964, -347.2964, -1000., -1532.0889, -1879.3852, -2000., -1879.3852, -1532.0889,
           -1000., -347.2964, 347.2964, 1000., 1532.0889, 1879.3852]
y_opt = [0., 0., 634.0377, 391.8568, -391.8568, -634.0377, 0., 666.6667, 1154.7005, 1333.3333,
           1154.7005, 666.6667, 0., -666.6667, -1154.7005, -1333.3333, -1154.7005, -666.6667, 0., 684.0403,
           1285.5752, 1732.0508, 1969.6155, 1969.6155, 1732.0508, 1285.5752, 684.0403, 0., -684.0403, -1285.5752,
           -1732.0508, -1969.6155, -1969.6155, -1732.0508, -1285.5752, -684.0403] """


#baseline 64
""" x_opt = [0., 750., 231.7627, -606.7627, -606.7627, 231.7627, 1500., 1299.0381, 750., 0.,
           -750., -1299.0381, -1500., -1299.0381, -750., 0., 750., 1299.0381, 2250, 2114.3084,
           1723.6, 1125., 390.7084, -390.7084, -1125., -1723.6, -2114.3084, -2250., -2114.3084, -1723.6,
           -1125, -390.7084, 390.7084, 1125., 1723.6, 2114.3084, 3000., 2924.7837, 2702.9066, 2345.4944,
           1870.4694, 1301.6512, 667.5628, 0., -667.5628, -1301.6512, -1870.4694, -2345.4944, -2702.9066, -2924.7837,
           -3000., -2924.7837, -2702.9066, -2345.4944, -1870.4694, -1301.6512, -667.5628, 0., 667.5628, 1301.6512,
           1870.4694, 2345.4944, 2702.9066, 2924.7837]
y_opt = [0., 0., 713.2924, 440.8389, -440.8389, -713.2924, 0., 750., 1299.0381, 1500,
           1299.0381, 750., 0., -750., -1299.0381, -1500., -1299.0381, -750., 0., 769.5453,
           1446.2721, 1948.5572, 2215.8174, 2215.8174, 1948.5572, 1446.2721, 769.5453, 0., -769.5453, -1446.2721,
           -1948.5572, -2215.8174, -2215.8174, -1948.5572, -1446.2721, -769.5453, 0., 667.5628, 1301.6512, 1870.4694,
           2345.4944, 2702.9066, 2924.7837, 3000., 2924.7837, 2702.9066, 2345.4944, 1870.4694, 1301.6512, 667.5628,
           0., -667.5628, -1301.6512, -1870.4694, -2345.4944, -2702.9066, -2924.7837, -3000., -2924.7837, -2702.9066,
           -2345.4944, -1870.4694, -1301.6512, -667.5628] """

""" x_opt = [-528.5810086253741, 741.905504819931, 166.96058290945595, -1246.8607472680335, -485.5980997383185, 277.292480771982, 1211.174070605117, 1078.2807585329385, 492.40457130016745, 19.720266777858235, -458.88905884056624, -1171.4091487426285, -1029.3332724455681, -290.1532948448379, 276.2525628325372, 926.1344357485574, -792]
y_opt = [249.339615949331, 92.28087667042902, 596.5964992686529, 367.883509989509, -627.5122867764289, -399.57350566503885, -254.8369068895645, 545.8274738126477, 915.552659926682, 1207.0142496929861, 1044.4566503840472, -85.1987931256494, -794.023308371044, -1267.2060075183847, -1113.8968630597128, -912.2910757651316, -1276]

 """