Generation,MaxFitness
0,-3262116.9014920946
1,773853.715091917
2,768201.3692996218
3,751666.4736008956
4,755053.4683903481
5,755053.4683903481
6,741021.1782563496
7,754774.1543320245
8,-248620.82888257992
9,722900.1459518531
10,758327.7399354394
11,717436.2520244586
12,-254136.53018669982
13,731334.7245587198
14,729316.3399517058
15,729316.3399517058
16,729316.3399517058
17,729316.3399517058
18,-1263559.778617993
19,-1254923.9023015832
20,-1263559.778617993
21,703978.0275552082
22,-281275.1845681105
23,-251497.58932824293
24,-279801.1379490476
25,-1255671.4771257183
26,-288673.59621721564
27,-262154.92059567047
28,-301512.7269516544
29,-301512.7269516544
30,-293185.5293212879
31,-1275748.308255046
32,-1313166.3015770426
33,711727.4578849793
34,-1299488.7844962454
35,-1286170.0329576712
36,-2286914.197467675
37,-1276615.6009429642
38,-1296566.7552707924
39,-280673.29905731336
40,-280673.29905731336
41,-1273571.2606007915
42,-1271414.0816314905
43,-317582.39906398836
44,-1279589.8013864483
45,-2295269.933255071
46,-1286402.0234588813
47,-1301393.41055972
48,-292244.2001945686
49,-1299186.883225474
50,-1287922.2736388743
51,-1287922.2736388743
52,-292282.65124747995
53,-292282.65124747995
54,-3296947.474083687
55,-2281332.57629176
56,-2321530.2019339614
57,-1292016.9576038495
58,-1292016.9576038495
59,-3297331.652283952
60,-2302092.7745077526
61,-2310469.9877836937
62,-2282853.88255704
63,-2303174.3690733123
64,-2303174.369073312
65,-1325233.824706009
66,-1325233.824706009
67,-3308173.7032963634
68,-2294770.0590329696
69,-3280777.80789172
70,-1299484.9469433865
71,-2307481.2678387044
72,-3320008.855340167
73,-3298752.9474698515
74,-3300018.953386257
75,-3309894.078558321
76,-1315334.5519228075
77,-3332282.5068400674
78,-2305747.048048083
79,-1320588.0254454913
80,-2280174.2557745916
81,-2308873.1858993983
82,-4297985.241506001
83,-1291392.6341423274
84,-2293068.583696855
85,-3267597.481618018
86,-3308026.222989528
87,-2295294.06782247
88,-3311892.029370329
89,-2312602.5349651724
90,-3300797.0613194685
91,-3302258.803623046
92,-3297854.598365265
93,-2303323.9699392254
94,-3318135.8270966136
95,-2281244.464127625
96,-2316669.5539762774
97,-1323480.9357605788
98,-1323480.9357605788
99,-2303796.9104543542
100,-4286011.22768651
101,-4279439.374227174
102,-3312990.6829185206
103,-3312990.6829185206
104,-3308424.552598441
105,-4318725.085744288
106,-1290980.833496345
107,-3315026.0323635056
108,-3290267.3891320387
109,-3290267.3891320387
110,-3313501.621779926
111,-3313501.621779926
112,-3334038.780215005
113,-2331344.394159589
114,-3313324.2061770335
115,-3313324.2061770335
116,-1294162.4947912407
117,-2314349.0215414385
118,-2314349.0215414385
119,-2314349.0215414385
120,-2260981.7797823865
121,-3324418.496616549
122,-4277580.3335871715
123,-2300796.196301275
124,-2320507.26719393
125,-3313788.057371319
126,-2307133.1632363913
127,-2287552.6082799765
128,-2307778.5011484968
129,-4288215.909782616
130,-3315508.8383114
131,-3309636.9239038764
132,-1301657.0964423665
133,-2315186.586048402
134,-1333595.0088375674
135,-3299191.4379599346
136,-3296208.1072595497
137,-3295827.916224133
138,-2348354.2653204855
139,-2293269.926431777
140,-3319145.9420650927
141,-2309819.734195284
142,-2310605.8134444514
143,-3301506.8983834516
144,-1311190.6028208523
145,-2301900.929392059
146,-2301900.929392059
147,-2301900.929392059
148,-2327937.0150234727
149,-3309969.8317127815
150,-1270908.508759325
151,-1270908.508759325
152,-2310064.201487973
153,-2310064.201487973
154,-4294723.051398888
155,-2320140.9488166855
156,-2320140.9488166855
157,-303857.6998290877
158,-3285872.55488435
159,-2322085.486581958
160,-3305687.0730425986
161,-3270375.004814461
162,-4284858.160235861
163,-2293359.209130008
164,-1305713.5436816916
165,-2304500.694276845
166,-2309334.6051436933
167,-3282611.312699831
168,-2281067.92176036
169,-285721.79991618684
170,-2309015.408765749
171,-4301370.506435282
172,-3332715.113748609
173,-4314356.747388082
174,-3303471.3792844117
175,-2294666.065532701
176,-2296842.4406182165
177,-2298804.2935469616
178,-2318803.2788591078
179,-2318803.2788591078
180,-1299462.8941126727
181,-2319530.8276261035
182,-2282902.7127371556
183,-2293238.473599288
184,-2307602.2163084075
185,-4299500.137851065
186,-2304031.5900389543
187,-2320432.971831206
188,-2320432.971831206
189,-3306582.282545873
190,-2299174.590061265
191,-2286753.5025393073
192,-3288646.4217251576
193,-3306600.9741818733
194,-3306059.5361440014
195,-2300954.3345757453
196,-2325217.4688346987
197,-2325217.4688346987
198,-1297119.1335613283
199,-2279612.881581385
200,-2306887.8996627284
201,-2306887.8996627284
202,-2302100.498379819
203,-2319814.7214311673
204,-2311591.1175373276
205,-3296764.0708449394
206,-1289752.062467534
207,-1289752.062467534
208,-1289752.062467534
209,-3275157.03707758
210,-3279337.6618962493
211,-3284992.743564998
212,-3315546.246881031
213,-1307948.945790898
214,-3318630.0795602445
215,-2315325.58041511
216,-4296101.999785214
217,-3288111.596739985
218,-1292565.9267903143
219,-2308522.0004384317
220,-2313317.6490242956
221,-3318299.51597034
222,-3329895.048238155
223,-2327256.042809086
224,-3300061.9076543152
225,-3303367.5932267746
226,-4303367.593226775
227,-4310116.184537041
228,-2317478.873032434
229,-1303427.1811751984
230,-1303427.1811751984
231,-3303557.0421514567
232,-4310727.095851787
233,-2312652.8288907963
234,-4296719.285608433
235,-1309251.0707069964
236,-3314185.296525657
237,-2309413.1296564443
238,-1339821.2651126098
239,-2288343.8432075297
240,-4301645.042710384
241,-3323256.465440909
242,-3309402.3726083925
243,-4312029.375994355
244,-320269.3191994765
245,-1283217.4040899687
246,-4286570.737043945
247,-3322395.2618873515
248,-1294492.4732775341
249,-1316339.1857717643
250,-1306804.259761127
251,-1306804.259761127
252,-1306804.259761127
253,-1306804.259761127
254,-3281017.476139955
255,-3281017.476139955
256,-2303203.812913183
257,-2302351.3463014327
258,-1310391.2159588314
259,-3298679.7223933954
260,-4291513.963791682
261,-2334562.789845502
262,-2335396.147164099
263,-3302192.3972599157
264,-2310086.5099943113
265,-3271860.385438388
266,-2293027.828210235
267,-2329662.411724285
268,-2329662.411724285
269,-2302366.3348605894
270,-2312683.19518545
271,-2349280.8482957194
272,-1299950.1843673112
273,-1291506.3394517174
274,-1299950.1843673112
275,-3303287.7517302367
276,-2326958.357029248
277,-4295490.474178974
278,-3295920.028003115
279,-2343445.621688819
280,-3316253.781715346
281,-3317174.656752597
282,-2324685.1839001053
283,-3283064.482561399
284,-2329405.3297411264
285,-3298598.69294497
286,-3298598.69294497
287,-3298598.69294497
288,-3317171.56161836
289,-4290289.595605085
290,-3357303.8295164104
291,-1308570.9356482786
292,-3316534.445368356
293,-4318339.269881064
294,-2311216.793543683
295,-1284496.0476210176
296,-2301216.6775555913
297,-2339306.9497534866
298,-3286495.32658616
299,-2321736.225367053
300,-3304165.163316868
301,-3339988.144698594
302,-2282524.9083283003
303,-4319856.948775935
304,-3303380.1899700677
305,-3294250.3191559874
306,-1293341.8544656932
307,-2285691.193230493
308,-4286991.71489401
309,-2287485.621455293
310,-324374.61443093803
311,-324374.61443093803
312,-3336813.7333175745
313,-4301878.112930405
314,-2300732.0390231907
315,-2300732.0390231907
316,-3273363.8683135933
317,-3361187.7805691
318,-2319276.948969997
319,-2307167.4018020965
320,-1320191.3200101024
321,-1306246.7661629512
322,-2284489.2015843173
323,-1293867.5211895625
324,-3312316.6567679597
325,-2278004.798511807
326,-1321585.795005797
327,-3273806.0198536254
328,-2314150.663904239
329,-1308083.5644399778
330,-3321143.3785597663
331,-2305308.1829059618
332,-2309523.4815193834
333,-2309523.4815193834
334,-3325790.923735337
335,-3284868.6692576804
336,-3275409.1015038644
337,-2317831.3797720806
338,-4316650.16395238
339,-2294724.310241147
340,-3283460.068576274
341,-3299752.8820772646
342,-2313549.438578083
343,-4300174.805517403
344,-3308254.1703322213
345,-3315173.293336807
346,-4321125.991572184
347,-3348569.5429361896
348,-2325020.115144865
349,-2325020.115144865
350,-2325020.115144865
351,-4308137.16215105
352,-3321892.7147350814
353,-3322112.712169954
354,-4327149.661787838
355,-3304949.5667680823
356,-1273030.6842993076
357,-2326835.668565507
358,-2327538.901826165
359,-2281827.4826284302
360,-2328800.5292282486
361,-4304970.884191092
362,-2300768.5870989705
363,-1282611.0799816009
364,-3310472.55803825
365,-3290858.0652391566
366,-4292200.268147187
367,-4292200.268147187
368,-3290225.27392854
369,-3311743.4829431125
370,-3322587.874536074
371,-2307584.75718211
372,-1315164.0380607396
373,-2301618.8216958307
374,-3293610.9881292284
375,-2333612.4700079025
376,-2308125.4768781345
377,-4283722.613639918
378,-3290979.8804874797
379,-2303370.663854831
380,-2303370.663854831
381,-2322106.783820058
382,-2337568.213238773
383,-2348548.7097626682
384,-1314705.1059906876
385,-1318342.6561065908
386,-2301540.97142372
387,-2304664.637977035
388,-2320130.37650909
389,-1287152.1670989324
390,-1287152.1670989324
391,-283608.63593970914
392,-283608.63593970914
393,-3279660.9671270223
394,-2322016.573103905
395,-2324094.2477583867
396,-2293793.61069996
397,-2293793.61069996
398,-3300245.7333467836
399,-2321794.750588129
400,-3291979.9241553503
401,-2312445.230310806
402,-1347890.8792501674
403,-2314527.825068295
404,-3315900.4383397587
405,-2277998.3478782754
406,-3306589.2412283593
407,-2312050.4207670363
408,-3315549.1671443144
409,-1334429.5742042596
410,-2282295.843452079
411,-3323345.3138287803
412,-3341717.6079590516
413,-2330847.77863492
414,-2337515.664310806
415,-2314511.418370571
416,-2301223.785654743
417,-2295798.5930750016
418,-309642.2291986672
419,-3316762.019900934
420,-3293960.7825743826
421,-4311183.373424498
422,-2289797.5612602234
423,-2289797.5612602234
424,-2294267.410597625
425,-2294267.410597625
426,-2282373.0867534126
427,-3286383.715406783
428,-1301123.0259758811
429,-306145.27813157137
430,-306145.27813157137
431,-3314718.9575757724
432,-3309095.9393363344
433,-3302344.3145681573
434,-3308550.89724303
435,-2301906.95707984
436,-3325691.677022775
437,-1292276.7163771302
438,-3335781.193398087
439,-2289956.169836073
440,-2307526.0747491624
441,-3309795.667403609
442,-2333219.8474073736
443,-3298587.287810768
444,-2356628.5359431477
445,-3307670.173690069
446,-3322815.215495391
447,-1306811.9530990943
448,-1306811.9530990943
449,-1306811.9530990943
450,-2311187.7931788517
451,-3358152.2292338754
452,-3303058.603357982
453,-3315312.3859459353
454,-4301391.368459096
455,-2300011.796121319
456,-268174.0010905918
457,-3307341.2249261895
458,-2287616.304172351
459,-4320104.03688329
460,-3344805.0637525925
461,-4295606.967158699
462,-3302091.0515433704
463,-2346372.213398847
464,-3298652.1328399256
465,-2324481.4814602565
466,-1330305.5723423392
467,-3293119.22431029
468,-3313175.5920749
469,-3323277.128204965
470,-4267832.726802781
471,-3326563.7982433587
472,-3284594.3095892253
473,-3277746.7593922997
474,-2310305.6033554655
475,-3290836.6520642503
476,-3290836.6520642503
477,-3333339.1618026607
478,-3271273.104978406
479,-1311761.4797405892
480,-2277253.968868634
481,-2353618.264347715
482,-1299069.7494629966
483,-4284400.972920668
484,-2301065.6566837304
485,-2301065.6566837304
486,-2312776.140776992
487,-3307123.398146528
488,-3297458.3329560123
489,-3289681.950521264
490,-3293834.775198348
491,-3293834.775198348
492,-3292272.622995416
493,-3305454.710498712
494,-2307728.1014900557
495,-2315504.4634298943
496,-2289332.898679169
497,-3296785.5522101126
498,-3300803.894429766
499,-1279602.5597745995
500,-1271766.7570959474
501,-3319736.891698498
502,-3299751.3952276222
503,-3286451.661739376
504,-3311089.990561284
505,-3304209.7623028676
506,-2300974.8223324725
507,-2293729.320085763
508,-2295139.0688134623
509,-2295139.0688134623
510,-3277830.489720044
511,-2325469.42675485
512,-2300460.413810499
513,-2309126.175225729
514,-3303894.130701255
515,-3297325.643467071
516,-3305596.464132723
517,-2303780.590379525
518,-2328449.4654526496
519,-3298747.900178695
520,-3292217.6727666603
521,-2312893.7584566902
522,-1322570.4209793457
523,-1322570.4209793457
524,-2270764.342898884
525,-2292083.002812876
526,-3290180.883192144
527,-1305938.2818840533
528,-2315676.7890166305
529,-1283624.5691081272
530,-2307842.350504443
531,-3313066.641321313
532,-2332738.3252725154
533,-4296477.519238923
534,-2301689.569025434
535,-2282773.665253937
536,-2323774.660578003
537,-3335226.3958151843
538,-2296070.46845437
539,-2314311.584940366
540,-3324110.8686558376
541,-2290012.479894022
542,-2309261.2906089625
543,-345696.36149570486
544,-345696.36149570486
545,-3343021.8083332125
546,-1294524.824431545
547,-3299734.9977935767
548,-2318179.657828913
549,-1311087.8025249795
550,-3328848.6658331743
551,-3311759.9770434583
552,-3315214.7950058086
553,-2313969.0663202032
554,-3302400.20166205
555,-3326810.0259612184
556,-3293817.6403384986
557,-2314183.4864183096
558,-3288529.431079588
559,-2294748.3988769595
560,-2306596.271210909
561,-2329545.5030784067
562,-4305239.13420058
563,-3331312.278761804
564,-4290834.557807634
565,-4294178.747206384
566,-3313052.6597578498
567,-3303367.320554775
568,-3332525.9846140076
569,-3308909.8386011263
570,-3283643.410744098
571,-3283643.410744098
572,-2298691.2175866077
573,-2298691.2175866077
574,-3291243.4089463754
575,-1304136.8044984434
576,-3291243.4089463754
577,-2333940.23018806
578,-2333940.23018806
579,-3301659.983156887
580,-3310366.9496375723
581,-3298209.981092821
582,-279538.41886760504
583,-2306835.0572996326
584,-2317773.430256556
585,-3318133.53147554
586,-2313626.433724638
587,-3333772.6213666955
588,-3318620.2084875572
589,-2310023.049690857
590,-3331993.475540078
591,-3326050.300654684
592,-2333299.1847107597
593,-2333299.1847107597
594,-1289059.431630579
595,-2310358.5369455162
596,-2319678.2216455876
597,-2319678.2216455876
598,-3328544.678252469
599,-3344131.4061705843
600,-2346565.646369784
601,-2294128.6602726467
602,-1306764.0395150627
603,-2294128.6602726467
604,-3304693.2767959135
605,-3334679.5528592044
606,-3298839.338304095
607,-2277379.4562238073
608,-2277379.4562238073
609,-2309933.682880769
610,-4352227.819500709
611,-3315402.5516772815
612,-2312310.495703805
613,-2290860.7760249013
614,-1307312.594386068
615,-1307312.594386068
616,-2313573.714375386
617,-2313573.714375386
618,-3341974.9757877714
619,-3331567.331297657
620,-3313697.746327009
621,-2291939.6456084223
622,-3312628.664005191
623,-3312628.664005191
624,-3321355.3343794597
625,-3293338.7598652323
626,-2305421.003511144
627,-2329393.579814871
628,-2353008.95615513
629,-2353008.95615513
630,-3309322.796787046
631,-2326130.1097132694
632,-3305577.9789535077
633,-3305577.9789535077
634,-1309576.2004321823
635,-3327144.5871402845
636,-4333545.300043648
637,-3293830.2567224093
638,-2307302.3327575396
639,-2302229.241184354
640,-4296655.295328287
641,-3336273.980497279
642,-3307492.426562729
643,-3293682.9596800953
644,-3295875.8199834777
645,-1318188.0127837993
646,-3331690.570033231
647,-3318356.3470849073
648,-3321291.8875840316
649,-3305514.9833754357
650,-1308513.6538292216
651,-2284522.6454030643
652,-2319624.5861657895
653,-2288443.4707369106
654,-3303245.0095794084
655,-2309894.1351956194
656,-338696.1685676436
657,-338696.1685676436
658,-3311024.947998966
659,-2300304.2680056253
660,-3318176.54783506
661,-3307599.554942255
662,-1315893.1754541362
663,-1315893.1754541362
664,-3323657.84050193
665,-3297378.6484288834
666,-2341645.649502786
667,-2290391.860009875
668,-2286873.147541941
669,-3290083.2922252915
670,-3309878.8763550865
671,-2307397.8889803383
672,-3305301.5339001045
673,-3335567.2839812436
674,-3291253.5090143653
675,-2329097.011734431
676,-3304906.6630427004
677,-3313546.7717166087
678,-2299986.4482970336
679,-4316997.494909364
680,-3338822.919638467
681,-3330453.716169282
682,-3344556.4421069724
683,-3323566.709406093
684,-2302926.478743521
685,-4341435.718120047
686,-2289421.9747596537
687,-4287179.129694425
688,-2326175.6557697486
689,-3309044.4376637763
690,-4305050.014355935
691,-3318075.0051620537
692,-2300778.7265459844
693,-2300778.7265459844
694,-4280137.255558618
695,-1311168.4569231896
696,-3296832.737250047
697,-2285381.470619194
698,-1324827.423558229
699,-2328399.2160168
700,-3290042.3076415127
701,-3296962.8718590774
702,-4304389.98057136
703,-1302024.5810972801
704,-3343843.339451165
705,-2296883.100730268
706,-2296804.8559557796
707,-1314849.9679005675
708,-3321073.3728480563
709,-2336037.1022440963
710,-3320440.3420064785
711,-3301704.295053202
712,-3309264.9500391483
713,-2283986.4780235006
714,-1310572.617520673
715,-1311938.7705999874
716,-3318371.0656201243
717,-3290375.2474674815
718,-1309933.0437670199
719,-2306716.684482824
720,-3293123.5006598122
721,-3289426.9875298366
722,-3293123.5006598122
723,-2314017.3028219813
724,-3312522.9033246962
725,-3294104.451078226
726,-3305637.875255055
727,-1286783.431736413
728,-1286783.431736413
729,-3297287.5354222967
730,-2307625.7107170615
731,-2307625.7107170615
732,-2333181.442433024
733,-2308941.5957507957
734,-2308941.5957507957
735,-3301066.2602664
736,-3301066.2602664
737,-3293106.41739831
738,-2305261.310482391
739,-2305261.310482391
740,-2305261.310482391
741,-1322451.5934067052
742,-3286739.3120087734
743,-3313400.1632265914
744,-3346527.4106684155
745,-3311306.4681820977
746,-3305289.7168598194
747,-1292797.2429497093
748,-4271406.9898687145
749,-3287481.4559342028
750,-3310148.4467475866
751,-2319523.4911711
752,-2345756.0345384656
753,-3304504.0338475714
754,-2302867.7356864484
755,-3322651.501159383
756,-2308776.1100982158
757,-3323554.2385107954
758,-2317103.5846087984
759,-2334111.0808715587
760,-2299743.1993509154
761,-1282256.8560225544
762,-1310081.1664279052
763,-3310903.478155266
764,-3296524.718831304
765,-3301848.736309351
766,-1319123.974283897
767,-3309793.0556177543
768,-2310147.8583543547
769,-3305887.378052816
770,-2316033.500517087
771,-3309952.5426833197
772,-2285098.976762939
773,-2285098.976762939
774,-3307792.3319432195
775,-2284906.2797360187
776,-2301962.100139234
777,-1300096.7958468301
778,-2322174.697440123
779,-3345483.2861112077
780,-3290971.175573728
781,-2291465.1468338044
782,-1298978.770489663
783,-2291465.1468338044
784,-3291634.021037593
785,-4307416.74230684
786,-3328574.8047381025
787,-2320121.151299107
788,-3349152.324546512
789,-3332980.3352733254
790,-4293228.94725517
791,-3317348.5370705654
792,-2290305.2878076965
793,-3318631.225356171
794,-3316392.9630866647
795,-3309658.0204740167
796,-3295519.589050696
797,-3308166.801514335
798,-2308187.003651892
799,-3332155.336318792
800,-3332155.336318792
801,-3316310.9935752666
802,-2301919.322840171
803,-2289783.8205633517
804,-3352045.353322528
805,-3329770.5127042388
806,-3313588.8389416505
807,-3317813.482923247
808,-4330327.540617776
809,-3314308.235596819
810,-1288803.585240943
811,-2288803.585240943
812,-3294109.3395131966
813,-3308935.5071007684
814,-2352636.0307135927
815,-3304222.2811828754
816,-3312619.6012176657
817,-2304227.1674867757
818,-3338811.499950882
819,-2328198.8472047215
820,-3291115.7938686255
821,-2307475.555006412
822,-2293923.2943893652
823,-2291581.0706325327
824,-2299373.084745342
825,-3318641.0232261475
826,-2352259.656279168
827,-3298700.4178990247
828,-3279922.3456245
829,-2279922.3456245
830,-2306866.0526654487
831,-2306866.0526654487
832,-4332469.478264367
833,-2298424.280535391
834,-3286975.881703857
835,-2305851.1769284774
836,-2296844.2340499377
837,-3315934.339872153
838,-3319471.7149840286
839,-4301155.716455224
840,-3330749.662718462
841,-3326023.806440245
842,-3326023.806440245
843,-3326023.806440245
844,-3305938.995475865
845,-1315693.0577006806
846,-2335535.760553842
847,-3302589.615828432
848,-1322092.2941308955
849,-2302670.8166515054
850,-3284279.4426622074
851,-277734.92881970387
852,-3310412.3032316375
853,-2291643.5567247793
854,-1279514.6225037891
855,-1279514.6225037891
856,-1279514.6225037891
857,-2310016.4694717433
858,-2310016.4694717433
859,-4296867.303826746
860,-4298629.498331269
861,-4295116.817739235
862,-3328067.3791734674
863,-4292419.399961783
864,-2305522.988831705
865,-4314207.411391848
866,-2283847.9473534557
867,-3297561.8516629627
868,-3297561.8516629627
869,-4281726.413921534
870,-1279692.943609618
871,-3308602.207518084
872,-1295995.468993964
873,-3312314.0159891285
874,-3327159.029751707
875,-3322738.205948978
876,-3300000.6591181196
877,-3302802.4536556997
878,-2296391.573543795
879,-3296217.5613685613
880,-3291976.513203295
881,-1313574.8481257576
882,-1278462.907658467
883,-1265742.284348757
884,-2302312.798220679
885,-2313863.83539592
886,-3299956.1659545586
887,-3265223.4834741848
888,-3303000.6401591743
889,-3302287.9419561136
890,-3305329.5959068704
891,-4295555.6345652705
892,-2302816.2245965274
893,-2313312.1623306368
894,-3294317.2267970135
895,-2302235.3026026874
896,-4289637.222306454
897,-3319578.7426694613
898,-3313937.475646861
899,-2325931.4661764526
900,-2325931.4661764526
901,-3282516.455804884
902,-312058.01257229317
903,-3299147.788940425
904,-3332965.30150493
905,-4320167.8540006215
906,-2319584.718082226
907,-308953.19602283544
908,-308953.19602283544
909,-1350441.5932544076
910,-3296232.3596158787
911,-4299959.514475999
912,-3316452.8100616266
913,-4297915.935141282
914,-4325982.487316931
915,-4325315.593653358
916,-3304656.896130681
917,-3307520.4216868
918,-3307520.4216868
919,-4317023.181786053
920,-3288500.9372049277
921,-3325252.562467354
922,-4299057.929234818
923,-320467.77909366833
924,-2300214.727334859
925,-2319153.811750643
926,-2315357.5564151383
927,-2296178.3025314445
928,-3305672.294988488
929,-2313232.6446601907
930,-4308196.489394695
931,-3311697.8174904874
932,-2323111.2212856775
933,-2285298.3498648903
934,-2285298.3498648903
935,-2309219.011618438
936,-2309219.011618438
937,-3332620.262776166
938,-3282576.5058808834
939,-1290233.1058118427
940,-3348590.855553297
941,-3339497.543880065
942,-3348590.855553297
943,-3315883.2954466315
944,-2320746.310405412
945,-325566.0360974093
946,-2321026.976964215
947,-3302642.65801601
948,-3300756.899896486
949,-2352554.715059297
950,-3307872.156370129
951,-3346735.6905148327
952,-2297636.833623181
953,-4313192.752868488
954,-2344524.568175591
955,-3351418.2251288593
956,-3297704.243065972
957,-3297704.243065972
958,-2316611.509364704
959,-3297704.243065972
960,-3322879.01202107
961,-2302378.7305492824
962,-4304541.652353084
963,-2301581.6461011684
964,-2321001.4006434977
965,-292700.56842760893
966,-3316869.087244688
967,-3306583.808280815
968,-1304793.6466708349
969,-3306375.478210315
970,-4300914.353095653
971,674533.8149233111
972,-2331552.735109995
973,-1314015.7398477767
974,-1283631.7317764128
975,-3283129.8332806733
976,-4310364.246209537
977,-2295251.3978207614
978,-2298959.5660585025
979,-3301447.375302153
980,-3301447.375302153
981,-3313297.5442013578
982,-2306263.0091392105
983,-1294405.6977460426
984,-3313297.5442013578
985,-3316441.9540811414
986,-4322481.146837076
987,-3308817.96815019
988,-4287108.978973562
989,-2306541.5262580933
990,-3295993.963813545
991,-3324547.366870991
992,-4284446.527743814
993,-3310643.843256429
994,-4309763.659154765
995,-4328266.494407125
996,-2333722.161930929
997,-2303133.4584328667
998,-2289156.0010442203
999,-3303000.2578785224
1000,-4308766.325395021
1001,-4300411.794651736
1002,-3295479.939210211
1003,-3313338.011626996
1004,-1299039.3362809147
1005,-3315000.3253566874
1006,-3313382.1474749497
1007,-2288150.3766921638
1008,-303272.11282777484
1009,-2290192.7809962304
1010,-3347884.0591214243
1011,-3323619.025200242
1012,-3344626.197115371
1013,-1309591.954917727
1014,-1309591.954917727
1015,-3318167.996620564
1016,-4292305.838636806
1017,-3317297.5122525278
1018,-3351574.3944334625
1019,-3310186.7927827407
1020,-4300268.365584624
1021,-4293751.429177473
1022,-1296259.0874366392
1023,-1296259.0874366392
1024,-1332369.1831453568
1025,-3318588.499692813
1026,-3351865.9604971954
1027,-2296935.177637073
1028,-3286268.511433807
1029,-2286268.511433807
1030,-2324971.116415843
1031,-1278517.8661181454
1032,-3296447.988117537
1033,-2320568.35428618
1034,-2330851.739025532
1035,-3323924.6618325897
1036,-1327358.2057708225
1037,-3334899.1674764315
1038,-3310588.604583777
1039,-3274160.150791395
1040,-2318187.6124262973
1041,-3354479.508454619
1042,-3353334.1655467926
1043,-3325726.1696232203
1044,-2319654.746570836
1045,-3310042.23846561
1046,-3304137.2435532776
1047,-2299107.7148876693
1048,-2321733.317697171
1049,-3331827.1117641823
1050,-4291668.846317097
1051,-3309535.4386296673
1052,-3295502.979933984
1053,-1314729.8635612743
1054,-2288710.408973204
1055,-2291295.4673674535
1056,-2290812.308862565
1057,-2323527.4055470913
1058,-3334166.6039499016
1059,-3325839.845082305
1060,-2292786.8500310583
1061,-4321744.752433173
1062,-4292513.707227095
1063,-2314236.182097665
1064,-4302072.11587243
1065,-4334330.627460908
1066,-3299901.517611995
1067,-3307168.704199606
1068,-3307168.704199606
1069,-2317616.415517538
1070,-2325578.9822718883
1071,-3296653.273392588
1072,-4307179.967825079
1073,-4343556.165893635
1074,-308830.3172684427
1075,-1270895.1107854992
1076,-4289232.25132738
1077,-4300686.131377644
1078,-2283989.684953265
1079,-2334012.405562437
1080,-3333343.865754565
1081,-4319411.902694596
1082,-2295704.560481716
1083,-3308058.6667145165
1084,-3304685.843225218
1085,-4305665.911735324
1086,-3270359.9520673184
1087,-3320827.866150892
1088,-3340158.1773360237
1089,-3299039.861314902
1090,-3283150.1432644255
1091,-2287918.9248759085
1092,-3283150.1432644255
1093,-2308829.387963672
1094,-2308829.387963672
1095,-2284462.010507675
1096,-2305721.2313835747
1097,-2308829.387963672
1098,-2280567.438798619
1099,-2298121.61074204
1100,-2292915.888086823
1101,-4293338.732468076
1102,-3340277.8230369
1103,-3344326.5061806096
1104,-3329870.673872156
1105,-3297472.8544370458
1106,-1334539.9395096595
1107,-2346657.4280289756
1108,-2324076.5605184482
1109,-4300848.837190335
1110,-2329846.761776002
1111,-2298774.6977473292
1112,-2296818.1012684014
1113,-2291008.7340882923
1114,-3303503.7166476646
1115,-3303503.7166476646
1116,-2302224.5154377837
1117,-3333532.3422193867
1118,-3317069.132725497
1119,-2326251.660491748
1120,-2319322.0387465125
1121,-2319322.0387465125
1122,-2319166.1599666188
1123,-2326134.93866657
1124,-4319011.777093536
1125,-3301116.519104384
1126,-3301116.519104384
1127,-2318578.4275071872
1128,-3321338.8711725897
1129,-2296953.7155546173
1130,-3277756.8117278293
1131,-2372644.4227416394
1132,-2316746.4206723757
1133,-3333867.8516603336
1134,-2305628.5668024104
1135,-3312236.8905070294
1136,-2303545.214599774
1137,-2303545.214599774
1138,-3300061.2287258646
1139,-2309948.796585481
1140,-4279366.545863139
1141,-2314317.914645061
1142,-3290503.4116182737
1143,-2315693.6911157407
1144,-1315383.1795180961
1145,-2317944.801292708
1146,-3327519.8353061727
1147,-2280691.0700336066
1148,-1314037.8108178042
1149,-1314037.8108178042
1150,-303423.27689697896
1151,-3293656.8011293886
1152,-2316456.7888421016
1153,-2316456.7888421016
1154,-2316036.96607891
1155,-2289128.9090881534
1156,-2289128.9090881534
1157,-2289128.9090881534
1158,-2296333.603732517
1159,-2322486.955156074
1160,-2322486.955156074
1161,-3310267.303529647
1162,-3285544.750956269
1163,-2348514.1701093726
1164,-3291447.323755456
1165,-3359538.3205357175
1166,-2321347.7543816734
1167,-3303638.9216092527
1168,-3284850.769384475
1169,-4324870.595577205
1170,-2322767.759695973
1171,-4306452.974667452
1172,-3292431.0450836625
1173,-2323474.7100315494
1174,-2323474.7100315494
1175,-3308494.0349675016
1176,-5301229.115860992
1177,-2335766.7960534114
1178,-2335766.7960534114
1179,-2292120.169388886
1180,-3308447.7088598227
1181,-2305256.8877296774
1182,-2337122.832369513
1183,-1291597.4217483436
1184,-4304616.905320693
1185,-3321781.6970447
1186,-1293578.1719398643
1187,-3310049.084948392
1188,-3302763.0469933376
1189,-3302763.0469933376
1190,-3308938.2134020305
1191,-329690.51178125886
1192,-3295129.751342034
1193,-3295948.78116489
1194,-3315462.906509106
1195,-2319751.7427926986
1196,-2328928.6057381816
1197,-3298169.2801401825
1198,-3293422.213487228
1199,-3305623.350442875
1200,-309997.5211750375
1201,-3280958.5614895686
1202,-292969.5064091956
1203,-3309922.251165171
1204,-1299244.8537476924
1205,-1284277.092326802
1206,-1284277.092326802
1207,-3317483.0294590327
1208,-4310038.451759394
1209,-2298158.1743623456
1210,-3295990.924647902
1211,-2313943.9432039005
1212,-3306145.9902117564
1213,-3308055.838559266
1214,-3294034.5505023007
1215,-4276738.685340885
1216,-4276738.685340885
1217,-2320736.4623475135
1218,-2316873.1708980175
1219,-3312802.476347276
1220,-3312802.476347276
1221,-3318625.3380301623
1222,-3295531.4260573382
1223,-1336664.8422917835
1224,-324180.9431171188
1225,-324180.9431171188
1226,-3305727.962146731
1227,-1319765.593918962
1228,-1326859.5222765347
1229,-2309476.906621487
1230,-3304785.170046818
1231,-2315124.610778884
1232,-1297304.029342562
1233,-1330646.6056247852
1234,-4302861.135098048
1235,-2293295.658007911
1236,-4302720.083210663
1237,-3307047.78079365
1238,-3307047.78079365
1239,-2307640.143023705
1240,-2307640.143023705
1241,-3291308.7239349624
1242,-3283805.382975078
1243,-4313001.39832515
1244,-3308674.5949549787
1245,-2317251.826572636
1246,-2299778.66228006
1247,-3321524.2959782802
1248,-3297311.0893225637
1249,-3312497.906510587
1250,-3290653.117296308
1251,-2307894.9174087136
1252,-4342845.279873841
1253,-1327894.3042894928
1254,-1327894.3042894928
1255,-1346269.1722957152
1256,-1300016.304918801
1257,-1313794.0803760493
1258,-3294232.8033019034
1259,-3313873.3821164984
1260,-3298881.359649176
1261,-3316080.139159564
1262,-2305038.2661598152
1263,-4304289.468362302
1264,-3328767.0714171818
1265,-3291100.2524184054
1266,-3319637.920290845
1267,-3311596.441748183
1268,-2317778.039108726
1269,-3278756.455222325
1270,-1285814.7502119525
1271,-1285814.7502119525
1272,-3314705.4932528427
1273,-2310682.634294764
1274,-2316542.370570134
1275,-1338660.6396816715
1276,-3313203.9865589673
1277,-3311076.3258269113
1278,-3324086.955598193
1279,-3296897.3502340494
1280,-1305869.8510560384
1281,-1305869.8510560384
1282,-3293451.176420931
1283,-3313904.4406914893
1284,-1309735.1519788364
1285,-3346241.4269437073
1286,-2308519.5984686264
1287,-4322917.624541847
1288,-1351026.6234377457
1289,-1351026.6234377457
1290,-3318922.0381035744
1291,-4288386.276456719
1292,-2340600.9390648194
1293,-2304937.381899487
1294,-4320703.953686463
1295,-2333646.8111254293
1296,-2264477.218934905
1297,-2264477.218934905
1298,-3264477.218934905
1299,-3264477.218934905
1300,-1306133.9918257382
1301,-3293940.6556975953
1302,-3299752.1918597594
1303,-3299752.1918597594
1304,-2300807.5839647413
1305,-4299305.0879921
1306,-2294272.9057190306
1307,-2294272.9057190306
1308,-3328045.6527964612
1309,-2330428.978978511
1310,-2302190.0471139583
1311,-4316766.618109563
1312,-2296787.204710326
1313,-4311652.988183034
1314,-3311868.5548434653
1315,-2338738.3545226
1316,-3311868.5548434653
1317,-2306576.3897273326
1318,-2299807.2205841076
1319,-2310888.587109319
1320,-2323373.2544927904
1321,-3291992.087557712
1322,-1339289.790352208
1323,-2333934.1741217556
1324,-2301911.975139524
1325,-2294981.068074165
1326,-3277345.682254469
1327,-2350303.178738353
1328,-2322936.2559768157
1329,-2322936.2559768157
1330,-2322936.2559768157
1331,-2317198.713884202
1332,-2317198.713884202
1333,-2317198.713884202
1334,-3290497.2503281236
1335,-2302944.3996305736
1336,-4303156.041746851
1337,-4314589.04486025
1338,-3308144.4066259917
1339,-2286426.500276981
1340,-1293906.4097341588
1341,-1293906.4097341588
1342,-3334598.390220068
1343,-3300717.543078783
1344,-1292070.4358260285
1345,-3351214.597055781
1346,-3318926.292889731
1347,-3318926.292889731
1348,-3307803.475065054
1349,-2275349.2428869223
1350,-2302324.6097241137
1351,-2320308.572425889
1352,-3294457.135340897
1353,-3294457.135340897
1354,-3294457.135340897
1355,-2325522.8351928787
1356,-4299060.331508685
1357,-3293825.6691831234
1358,-2330261.523317909
1359,-2330261.523317909
1360,-4295426.984066561
1361,-3296136.3346555643
1362,-3309291.9309929367
1363,-3276906.761881271
1364,-1314477.454280625
1365,-2283143.3856197344
1366,-3292703.543165014
1367,-3302198.5076906746
1368,-2281500.7099515027
1369,-2283139.115079579
1370,-2283139.115079579
1371,-3294243.7290318557
1372,-3320402.8012887468
1373,-2319119.359146233
1374,-3345810.881937445
1375,-3345810.881937445
1376,-3297622.1770627247
1377,-2292334.5592906275
1378,-4292555.899774536
1379,-3274986.362256305
1380,-2294876.450715059
1381,-2294876.450715059
1382,-2299998.6723157577
1383,-1307806.9856671155
1384,-3304897.5476219114
1385,-2323924.9414354805
1386,-3304897.5476219114
1387,-4281905.5798823275
1388,-3325214.014462947
1389,-3311976.0996223628
1390,-3303751.1996324454
1391,-3321738.701915299
1392,-3303535.8226944814
1393,-3291764.899238716
1394,-2319409.212339784
1395,-2315149.566409565
1396,-4304950.6868653195
1397,-2311718.6462737694
1398,-1312269.9569949824
1399,-1312269.9569949824
1400,-1312269.9569949824
1401,-1312269.9569949824
1402,-3315858.259398063
1403,-2277309.913211524
1404,-3303477.1348823775
1405,-2308775.410579899
1406,-3283979.253772284
1407,-3283979.253772284
1408,-3294562.6218370507
1409,-1309199.4872407666
1410,-1290479.6261282468
1411,-2330291.0623048777
1412,-2330291.0623048777
1413,-3317341.811963924
1414,-320211.3493064586
1415,-3294695.4844970126
1416,-3297666.5021031266
1417,-2302323.364730735
1418,-1313489.834371807
1419,-2278906.9276586827
1420,-2299462.0894193007
1421,-1313308.9668876317
1422,-1313308.9668876317
1423,-1286247.045511307
1424,-2309721.7338940017
1425,-3310717.241692821
1426,-2300300.2708594278
1427,-2281604.268468434
1428,-2298003.063881099
1429,-2300782.9708565427
1430,-2294582.577828441
1431,-1326567.4207399066
1432,-3310173.302108228
1433,-3300882.3118943833
1434,-2334033.832147287
1435,-3279925.4854604225
1436,-2306606.3167831674
1437,-2310105.0926144775
1438,-1319485.728340621
1439,-2303650.5055187624
1440,-4292126.393527634
1441,-2327256.571550452
1442,-2330267.557014841
1443,-3303672.8689494794
1444,-2320907.5624904693
1445,-2320907.5624904693
1446,-3319717.2873432674
1447,-2304069.9362793574
1448,-2304069.9362793574
1449,-3284224.134764506
1450,-3300620.077233828
1451,-3322449.633833765
1452,-3305419.280436773
1453,-3315500.636564063
1454,-3285145.1644685986
1455,-2282463.785027875
1456,-3288261.231006763
1457,-3286242.8203387354
1458,-4307908.861617224
1459,-3303511.341754987
1460,-3297257.062490736
1461,-2308750.182472314
1462,-2309762.0677521713
1463,-2309762.0677521713
1464,-3281229.888959495
1465,-3308796.356609744
1466,-2301431.630089947
1467,-2287538.1887478824
1468,-1309171.253060684
1469,-2289906.265914372
1470,-2289906.265914372
1471,-2294578.272118558
1472,-1287634.44459754
1473,-3289682.965887768
1474,-3308851.8429166293
1475,-2318760.0827887286
1476,-3307061.247343882
1477,-3298153.925736613
1478,-3307692.5762234107
1479,-2306055.274267851
1480,-3321398.026978121
1481,-3317690.452027398
1482,-3317690.452027398
1483,-2294589.1423401833
1484,-3293512.7541889916
1485,-2308695.5933418944
1486,-2308356.502178003
1487,-2308356.502178003
1488,-2301086.5296152723
1489,-1310700.3741127634
1490,-1310700.3741127634
1491,-4292691.187850483
1492,-4277487.458646083
1493,-1326508.3220942456
1494,-1326508.3220942456
1495,-3341179.6925207125
1496,-3298634.865048024
1497,-3312242.860805556
1498,-3288113.819445105
1499,-1294114.0945511775
1500,-2343023.6531975954
