Generation,MaxFitness
0,-3633058.428843232
1,374647.3494082135
2,374875.8101596022
3,372292.07876437786
4,372292.07876437786
5,375033.2582443391
6,380009.25412616273
7,380009.25412616273
8,378315.8841488916
9,378315.8841488916
10,378315.8841488916
11,375033.258244339
12,375039.6224390884
13,375039.6224390884
14,382837.5542677231
15,382837.5542677231
16,382837.5542677232
17,381618.6484182349
18,380297.28988027736
19,383451.0997416109
20,383451.0997416109
21,386287.67931764596
22,388257.5299200299
23,386396.04908759776
24,387566.58671482326
25,387138.6773844649
26,387138.6773844649
27,387411.15891471325
28,388671.26524920476
29,388269.47934128897
30,389551.3633542848
31,390455.1486852617
32,391173.0047175711
33,392350.2983886341
34,392805.99054300867
35,393066.58596604853
36,393668.9400247854
37,394804.4496916431
38,396507.61734444404
39,396208.2309557998
40,396525.55800446926
41,399173.5531428877
42,399998.32172984275
43,399723.08360002
44,399526.73184515396
45,399677.8572864236
46,401198.5345578068
47,400905.3949582912
48,401108.81271088263
49,401363.5586388746
50,401509.45139475394
51,402052.99715954135
52,402770.65902894706
53,403181.1661518765
54,403462.71700793365
55,403611.91929847875
56,403648.9218284582
57,404271.98751994816
58,404855.1482095859
59,404875.9847946885
60,404875.9847946885
61,405210.39757093374
62,405259.7982659023
63,405464.82994141337
64,405592.9385954794
65,405847.1958961708
66,406317.60584603844
67,406317.60584603844
68,406317.60584603844
69,406392.1744207749
70,406443.0637634698
71,406521.6110306238
72,406484.92972604616
73,406620.74549850053
74,406616.3107855916
75,406659.9081244017
76,406723.3426289553
77,406772.38775161153
78,406854.3913188564
79,406917.3777131437
80,407014.1140998015
81,407031.4091775756
82,407031.4091775756
83,407092.6807877322
84,407113.0158433676
85,407225.4475677633
86,407225.4475677633
87,407249.4771768254
88,407331.1443345105
89,407331.346049519
90,407360.1605627734
91,407405.5048454237
92,407396.4085088636
93,407476.02924068144
94,407489.25522272807
95,407530.8749879578
96,407564.8584738729
97,407593.8514156284
98,407616.4390472778
99,407650.818932406
100,407672.9026701041
101,407672.9026701041
102,407724.1897545705
103,407732.5659909715
104,407732.5659909715
105,407753.9406650327
106,407774.34450210375
107,407783.74318842625
108,407821.978930154
109,407831.1950292549
110,407848.31431675376
111,407875.1697646831
112,407880.78889960225
113,407897.56828505767
114,407931.11686180497
115,407953.5095012678
116,407943.99167731364
117,407955.318639883
118,407968.21965434286
119,407984.1039717292
120,408016.25243311515
121,408016.78893342323
122,408027.15008877864
123,408030.5639443574
124,408035.29084542394
125,408058.18247080466
126,408069.2139656929
127,408105.64730850735
128,408093.1477262423
129,408101.51158839435
130,408104.33243751
131,408108.4954510658
132,408135.2344156352
133,408142.0899565354
134,408144.8541267528
135,408152.98514599
136,408166.12036465213
137,408171.80075070495
138,408181.3138089215
139,408189.58698853117
140,408199.5484354179
141,408204.26188596815
142,408226.93444640725
143,408218.7602786166
144,408218.7602786166
145,408225.28093155613
146,408233.00108567084
147,408237.17187611666
148,408238.9516736869
149,408244.2840090844
150,408252.6065254852
151,408263.3752251256
152,408268.26572178595
153,408268.26572178595
154,408275.4649755284
155,408275.4649755284
156,408276.4722689176
157,408281.00861190894
158,408282.50003768987
159,408292.61509664514
160,408294.28626470413
161,408299.04214466555
162,408299.04214466555
163,408306.8328535358
164,408314.9201138774
165,408324.0167074476
166,408332.86112524685
167,408343.4484183939
168,408342.47951738734
169,408344.0166260752
170,408349.0995928964
171,408355.3531812514
172,408361.4442846235
173,408373.2560202647
174,408377.7824764075
175,408386.7660483342
176,408394.8844420051
177,408403.9133894195
178,408402.97531142493
179,408410.6692941179
180,408415.3649787453
181,408426.4583936975
182,408423.63266327325
183,408436.5029283462
184,408444.9325153978
185,408451.1534945613
186,408454.20324098435
187,408456.0063882328
188,408465.7698831557
189,408472.0483607163
190,408486.61227412923
191,408494.38656647084
192,408491.72686021787
193,408491.72686021787
194,408505.4080685526
195,408503.24574595765
196,408506.04967756243
197,408513.92933703866
198,408515.04714038165
199,408520.03010036447
200,408522.6459162345
201,408526.9602398402
202,408528.65728268045
203,408530.65835801477
204,408531.30093186663
205,408534.7200423778
206,408536.8889365933
207,408537.15107725083
208,408541.56241044274
209,408543.66946314566
210,408547.2119370329
211,408551.70809923543
212,408551.72732478403
213,408553.4552281741
214,408556.38494223775
215,408559.74049735826
216,408560.99898478325
217,408563.7908038489
218,408568.7647985548
219,408568.7647985548
220,408573.27489971207
221,408576.73973192985
222,408576.08067731065
223,408575.93356826337
224,408578.84962940216
225,408583.0087772269
226,408583.2265001107
227,408584.9682400537
228,408587.08242082136
229,408588.51105438423
230,408588.47038382624
231,408591.02058381826
232,408592.1107253695
233,408594.44515821093
234,408597.17776667984
235,408597.17776667984
236,408601.53815274267
237,408601.53815274267
238,408601.8506191164
239,408602.10265799315
240,408605.61023880454
241,408605.61023880454
242,408605.61023880454
243,408606.41593004816
244,408606.86085907335
245,408606.8855518175
246,408608.5096368363
247,408608.53604666505
248,408609.54871246923
249,408610.0172278588
250,408610.046473547
251,408610.9512341289
252,408611.4794584113
253,408612.05868297996
254,408612.35507535527
255,408613.3451725057
256,408613.46630103095
257,408613.84393464256
258,408614.38880857837
259,408615.2513575802
260,408615.04738927016
261,408615.92923401354
262,408616.35101371736
263,408616.9820639737
264,408617.203704742
265,408617.49969420943
266,408617.7557439365
267,408617.8579620956
268,408618.7691647099
269,408618.89290958684
270,408619.2267510467
271,408619.8421147554
272,408620.0333612936
273,408620.3996857464
274,408620.5192482058
275,408621.80940541555
276,408621.80940541555
277,408621.80940541555
278,408621.91788322246
279,408622.0029259683
280,408622.4528822092
281,408622.6162823087
282,408623.03070854396
283,408623.03070854396
284,408623.27693324944
285,408623.5677013819
286,408623.815739984
287,408623.8101675109
288,408624.0864966463
289,408624.1161160214
290,408624.4568341251
291,408624.4875311756
292,408624.5321548432
293,408624.77362765453
294,408624.9486477052
295,408625.0409002921
296,408625.2000932044
297,408625.3084977976
298,408625.45373935625
299,408625.5666567581
300,408625.7080981453
301,408625.84366403794
302,408626.0114957988
303,408626.1194223515
304,408626.21748598025
305,408626.5017398133
306,408626.6231300823
307,408626.65418420197
308,408626.7604057084
309,408626.922482149
310,408627.0927376096
311,408627.12353131827
312,408627.22003396763
313,408627.3364591572
314,408627.44404880056
315,408627.4470890841
316,408627.6006597776
317,408627.7041686728
318,408627.76014938473
319,408627.8345583946
320,408627.98557928053
321,408628.02632178564
322,408628.21458016516
323,408628.3991443665
324,408628.44105651556
325,408628.53719015117
326,408628.55614884093
327,408628.61398146464
328,408628.70912142406
329,408628.73543578415
330,408628.8111404228
331,408628.9015228162
332,408628.9446826122
333,408629.07912725373
334,408629.1018165548
335,408629.19371744076
336,408629.22942631005
337,408629.3683574762
338,408629.3205081902
339,408629.35676519794
340,408629.4052023185
341,408629.43199922214
342,408629.50575402664
343,408629.5628356191
344,408629.64423116297
345,408629.6926976256
346,408629.7534313348
347,408629.79322391504
348,408629.8525406451
349,408629.8525406451
350,408629.93818413536
351,408629.97666354134
352,408630.0001527739
353,408630.01396834006
354,408630.07155864313
355,408630.10592806485
356,408630.11545677984
357,408630.16643060395
358,408630.2049348081
359,408630.25265146105
360,408630.28057242173
361,408630.3012371584
362,408630.32390046725
363,408630.39623087517
364,408630.4225553969
365,408630.4238390314
366,408630.4668569319
367,408630.47174807894
368,408630.5084097193
369,408630.54991435655
370,408630.58933762845
371,408630.6081591827
372,408630.63077929267
373,408630.63986660435
374,408630.6608168279
375,408630.6650063029
376,408630.6995082791
377,408630.7373303226
378,408630.74346517
379,408630.76183803135
380,408630.78763518436
381,408630.78876086144
382,408630.80622759426
383,408630.8357767352
384,408630.8507508548
385,408630.8737886126
386,408630.9002422193
387,408630.9002422193
388,408630.9298518026
389,408630.94198869844
390,408630.9785648574
391,408630.9612675911
392,408630.9852127346
393,408631.00208714785
394,408631.02195557894
395,408631.0444215591
396,408631.0433548074
397,408631.0547957228
398,408631.0610926493
399,408631.09256702184
400,408631.0995542522
401,408631.1129204286
402,408631.1288779289
403,408631.15886562644
404,408631.1854292707
405,408631.1854292707
406,408631.18554116454
407,408631.20566454425
408,408631.239034328
409,408631.2753954058
410,408631.2753954058
411,408631.2886989855
412,408631.2905769053
413,408631.321035936
414,408631.30984190677
415,408631.33964998176
416,408631.3458369674
417,408631.3568690122
418,408631.3620184406
419,408631.3774482247
420,408631.38541741867
421,408631.3908362547
422,408631.40947202494
423,408631.4194584691
424,408631.42510899494
425,408631.4343432681
426,408631.4423413576
427,408631.4481096725
428,408631.46047722106
429,408631.46047722106
430,408631.4649801625
431,408631.4760456325
432,408631.48345387506
433,408631.4912731452
434,408631.494760447
435,408631.50013040775
436,408631.5144874113
437,408631.5274349116
438,408631.5298182601
439,408631.5312917012
440,408631.5431299651
441,408631.546679392
442,408631.5538863935
443,408631.55475938605
444,408631.56626368285
445,408631.5697586462
446,408631.5841962585
447,408631.58294467174
448,408631.58526632376
449,408631.60377221904
450,408631.60377221904
451,408631.6056694669
452,408631.60970404826
453,408631.61890796735
454,408631.62732450827
455,408631.63293939736
456,408631.64144200494
457,408631.6438116263
458,408631.6560907799
459,408631.6549415565
460,408631.66036095674
461,408631.676225704
462,408631.676610898
463,408631.67662315053
464,408631.68293954595
465,408631.6886483982
466,408631.6972206731
467,408631.69800036645
468,408631.69800036645
469,408631.70599896385
470,408631.71561391355
471,408631.7208200997
472,408631.72063337633
473,408631.7235441305
474,408631.7360916022
475,408631.7431885252
476,408631.73820827354
477,408631.7451245338
478,408631.7507818189
479,408631.7507818189
480,408631.7577702705
481,408631.76012621657
482,408631.7654832875
483,408631.7654832875
484,408631.771810372
485,408631.7763819931
486,408631.7768324003
487,408631.7826279147
488,408631.78716951935
489,408631.79132946546
490,408631.7930514243
491,408631.7970405627
492,408631.80328036466
493,408631.8056193758
494,408631.8072846371
495,408631.810793095
496,408631.8148803156
497,408631.81897297583
498,408631.81897297583
499,408631.821929696
500,408631.821929696
